%YAML:1.0
---
cameraMatrix: !!opencv-matrix
   rows: 3
   cols: 3
   dt: d
   data: [ 1.9159618006387052e+03, 0., 1.0210431863935486e+03, 0.,
       1.9203580483035751e+03, 6.7217668037718454e+02, 0., 0., 1. ]
distCoeffs: !!opencv-matrix
   rows: 14
   cols: 1
   dt: d
   data: [ -1.4833979922889371e-02, 4.6123629265325699e+00, 0., 0.,
       3.5153271469921141e+00, 0., 5.3757887806186986e+00, 0., 0., 0.,
       0., 0., -1.5662550640774264e-02, 6.0646584166463968e-03 ]
rotationVector: !!opencv-matrix
   rows: 3
   cols: 1
   dt: d
   data: [ -4.6787148224870859e-02, -1.4911327312085099e-02,
       3.3769620106116149e-04 ]
translationVector: !!opencv-matrix
   rows: 3
   cols: 1
   dt: d
   data: [ -9.6795412094150324e-02, 4.9451918342525609e+01,
       6.7221943135517208e+01 ]
